8935341208612
6959655459272
840139632907
745125494784
6970310404383
840139644368
461110636655
6970310407513
840139631931
009285030405
086699368492
086699077691
086699258427
086699315670
086699051462
697662145493
697662145455
086699154774
086699938572
086699166814
086699177643
086699058553
012834008701
8808956066284
8808956090753
8808956107338
8808956060558
787558102447
811410010394
814342027959
697662160311
697662160328
697662133469
086699137685
086699165459
086699212016
086699300546
086699332844
086699339157
086699430304
086699431998
086699525222
086699778642
086699855275
086699979674
086699998538
8935341201767
6959655458862
8848116025010
8935341201514
8935341209763
8935341201644
841623151447
887613140404
6959655462654
6959655458855
841623151263
8935341208810
848983012906
6419440485331
848983006257
848983007933
848983025555
848983006455
848983006493
4981910884903
086699058874
092971144814
051342118137
746573269979
051342084333
842925103042
450862674947
8904239718519
460827726604
461996427194
990498681518
733569617791
877184004748
697662097136
051342132706
051342114207
746573219165
8859384901524
4717784331249
6959655491678
6950306315770
721506561542
029142714729
697662145202
697662145332
697662145554
697662142942
697662142980
697662143017
697662143062
697662143116
697662143123
697662143369
697662143420
697662145561
697662155102
697662156734
697662156772
697662156826
697662156925
697662156994
697662157250
697662158622
697662159773
697662160281
697662160298
697662160373
697662160397
697662160403
697662160427
697662160441
697662160458
697662160465
697662160496
697662160502
697662160519
697662160526
697662160540
